psi = -0.00000299 + 0.00000000j
dx = -0.00000002 + -0.00000007j
dy = -0.00000001 + 0.00000000j
dz = -0.00000006 + -0.00000003j
Mc = 0.256686, 0.151281, 0.148623
Mf = 0.778883, 0.458243, 0.449675
mcx = 1.000000
mcy = 1.500000
mcz = 100.000000
mfx = 20.000000
mfy = 30.000000
mfz = 2000.000000
dhyb = 0.700000
gamma_x = 0.000000
gamma_y = 0.000000
gamma_z = 0.000000
num_k_pts = 200
tolerance = 0.100000
