psi = 0.00001855 + 0.00000000j
dx = 0.00000012 + 0.00000009j
dy = 0.00000007 + -0.00000014j
dz = 0.00000003 + 0.00000010j
Mc = 0.060605, 0.035691, 0.035021
Mf = 0.041822, 0.024613, 0.024153
mcx = 1.000000
mcy = 1.500000
mcz = 100.000000
mfx = 20.000000
mfy = 30.000000
mfz = 2000.000000
dhyb = 0.700000
gamma_x = 0.000000
gamma_y = 0.000000
gamma_z = 0.000000
num_k_pts = 200
tolerance = 0.100000
