psi = -0.00001447 + 0.00000000j
dx = 0.00000086 + 0.00000099j
dy = 0.00000086 + 0.00000097j
dz = 0.00000095 + 0.00000068j
Mc = 0.048984, 0.028954, 0.028339
Mf = 0.032216, 0.018958, 0.018604
mcx = 1.000000
mcy = 1.500000
mcz = 100.000000
mfx = 20.000000
mfy = 30.000000
mfz = 2000.000000
dhyb = 0.700000
gamma_x = 0.000000
gamma_y = 0.000000
gamma_z = 0.000000
num_k_pts = 200
tolerance = 0.100000
