psi = 0.00003918 + 0.00000000j
dx = 0.00000002 + -0.00000006j
dy = -0.00000006 + -0.00000045j
dz = -0.00000008 + 0.00000007j
Mc = 0.071022, 0.041824, 0.041145
Mf = 0.055337, 0.032566, 0.031973
mcx = 1.000000
mcy = 1.500000
mcz = 100.000000
mfx = 20.000000
mfy = 30.000000
mfz = 2000.000000
dhyb = 0.700000
gamma_x = 0.020000
gamma_y = 0.020000
gamma_z = 0.010000
num_k_pts = 200
tolerance = 0.100000
