psi = 0.00001027 + 0.00000000j
dx = -0.00000056 + -0.00000081j
dy = -0.00000015 + 0.00000004j
dz = 0.00000034 + -0.00000138j
Mc = 0.163105, 0.096140, 0.094414
Mf = 0.735282, 0.432642, 0.424609
mcx = 1.000000
mcy = 1.500000
mcz = 100.000000
mfx = 20.000000
mfy = 30.000000
mfz = 2000.000000
dhyb = 0.700000
gamma_x = 0.020000
gamma_y = 0.020000
gamma_z = 0.010000
num_k_pts = 200
tolerance = 0.100000
