psi = -0.00002228 + 0.00000000j
dx = 0.00000046 + 0.00000080j
dy = -0.00000003 + -0.00000000j
dz = 0.00000007 + 0.00000133j
Mc = 0.174066, 0.102436, 0.100536
Mf = 0.744075, 0.437830, 0.429696
mcx = 1.000000
mcy = 1.500000
mcz = 100.000000
mfx = 20.000000
mfy = 30.000000
mfz = 2000.000000
dhyb = 0.700000
gamma_x = 0.020000
gamma_y = 0.020000
gamma_z = 0.010000
num_k_pts = 200
tolerance = 0.100000
