psi = 0.00003810 + 0.00000000j
dx = 0.00000009 + 0.00000006j
dy = -0.00000001 + -0.00000029j
dz = -0.00000000 + 0.00000012j
Mc = 0.071524, 0.042064, 0.041070
Mf = 0.055435, 0.032605, 0.031995
mcx = 1.000000
mcy = 1.500000
mcz = 100.000000
mfx = 20.000000
mfy = 30.000000
mfz = 2000.000000
dhyb = 0.700000
gamma_x = 0.000000
gamma_y = 0.000000
gamma_z = 0.000000
num_k_pts = 200
tolerance = 0.100000
