psi = 0.00003681 + 0.00000000j
dx = 0.00000272 + -0.00000122j
dy = -0.00000008 + 0.00000017j
dz = -0.00000009 + 0.00000026j
Mc = 0.135445, 0.079817, 0.078363
Mf = 0.703885, 0.414109, 0.406368
mcx = 1.000000
mcy = 1.500000
mcz = 100.000000
mfx = 20.000000
mfy = 30.000000
mfz = 2000.000000
dhyb = 0.700000
gamma_x = 0.000000
gamma_y = 0.000000
gamma_z = 0.000000
num_k_pts = 200
tolerance = 0.100000
