psi = -0.00002829 + 0.00000000j
dx = 0.00000206 + -0.00000198j
dy = -0.00000004 + -0.00000051j
dz = -0.00000154 + -0.00000310j
Mc = 0.115292, 0.067709, 0.066412
Mf = 0.658993, 0.387725, 0.380477
mcx = 1.000000
mcy = 1.500000
mcz = 100.000000
mfx = 20.000000
mfy = 30.000000
mfz = 2000.000000
dhyb = 0.700000
gamma_x = 0.000000
gamma_y = 0.000000
gamma_z = 0.000000
num_k_pts = 200
tolerance = 0.100000
