psi = 0.00002479 + 0.00000000j
dx = -0.00000039 + -0.00000072j
dy = -0.00000091 + -0.00000106j
dz = -0.00000110 + -0.00000074j
Mc = 0.059795, 0.035169, 0.034506
Mf = 0.042023, 0.024745, 0.024295
mcx = 1.000000
mcy = 1.500000
mcz = 100.000000
mfx = 20.000000
mfy = 30.000000
mfz = 2000.000000
dhyb = 0.700000
gamma_x = 0.020000
gamma_y = 0.020000
gamma_z = 0.010000
num_k_pts = 200
tolerance = 0.100000
