psi = -0.01395596 + 0.00000000j
dx = 0.01594494 + -0.00013993j
dy = 0.00001956 + -0.00015336j
dz = -0.01026674 + -0.00020994j
Mc = 0.125155, 0.073589, 0.072331
Mf = 0.683197, 0.402052, 0.394664
mcx = 1.000000
mcy = 1.500000
mcz = 100.000000
mfx = 20.000000
mfy = 30.000000
mfz = 2000.000000
dhyb = 0.700000
gamma_x = 0.020000
gamma_y = 0.020000
gamma_z = 0.010000
num_k_pts = 200
tolerance = 0.100000
