psi = 0.00008541 + 0.00000000j
dx = -0.00002587 + 0.00000773j
dy = -0.00000001 + 0.00000128j
dz = 0.00001643 + 0.00000623j
Mc = 0.117777, 0.069493, 0.068193
Mf = 0.668152, 0.393094, 0.385744
mcx = 1.000000
mcy = 1.500000
mcz = 100.000000
mfx = 20.000000
mfy = 30.000000
mfz = 2000.000000
dhyb = 0.700000
gamma_x = 0.000000
gamma_y = 0.000000
gamma_z = 0.000000
num_k_pts = 200
tolerance = 0.100000
