psi = -0.00001197 + 0.00000000j
dx = -0.00000057 + -0.00000181j
dy = 0.00000008 + -0.00000052j
dz = -0.00000131 + -0.00000224j
Mc = 0.107365, 0.063266, 0.062318
Mf = 0.626490, 0.368661, 0.361840
mcx = 1.000000
mcy = 1.500000
mcz = 100.000000
mfx = 20.000000
mfy = 30.000000
mfz = 2000.000000
dhyb = 0.700000
gamma_x = 0.020000
gamma_y = 0.020000
gamma_z = 0.010000
num_k_pts = 200
tolerance = 0.100000
