psi = -0.00001420 + 0.00000000j
dx = 0.00000114 + 0.00000117j
dy = 0.00000114 + 0.00000122j
dz = 0.00000120 + 0.00000120j
Mc = 0.001039, 0.001021, 0.001021
Mf = 0.008360, 0.004922, 0.004832
mcx = 1.000000
mcy = 1.500000
mcz = 100.000000
mfx = 20.000000
mfy = 30.000000
mfz = 2000.000000
dhyb = 0.700000
gamma_x = 0.020000
gamma_y = 0.020000
gamma_z = 0.010000
num_k_pts = 200
tolerance = 0.100000
