psi = -0.00000524 + 0.00000000j
dx = -0.00000013 + 0.00000026j
dy = -0.00000000 + 0.00000004j
dz = 0.00000001 + 0.00000015j
Mc = 0.187701, 0.110523, 0.108590
Mf = 0.751445, 0.442162, 0.433958
mcx = 1.000000
mcy = 1.500000
mcz = 100.000000
mfx = 20.000000
mfy = 30.000000
mfz = 2000.000000
dhyb = 0.700000
gamma_x = 0.020000
gamma_y = 0.020000
gamma_z = 0.010000
num_k_pts = 200
tolerance = 0.100000
