psi = -0.00452849 + 0.00000000j
dx = 0.00430240 + 0.00020043j
dy = -0.00000010 + -0.00004569j
dz = -0.00288988 + 0.00034004j
Mc = 0.128660, 0.075814, 0.074341
Mf = 0.690156, 0.406100, 0.398628
mcx = 1.000000
mcy = 1.500000
mcz = 100.000000
mfx = 20.000000
mfy = 30.000000
mfz = 2000.000000
dhyb = 0.700000
gamma_x = 0.020000
gamma_y = 0.020000
gamma_z = 0.010000
num_k_pts = 200
tolerance = 0.100000
