psi = -0.00602733 + 0.00000000j
dx = 0.00592433 + -0.00036433j
dy = 0.00004119 + -0.00007191j
dz = -0.00406768 + -0.00061597j
Mc = 0.122422, 0.072069, 0.070799
Mf = 0.676137, 0.397911, 0.390530
mcx = 1.000000
mcy = 1.500000
mcz = 100.000000
mfx = 20.000000
mfy = 30.000000
mfz = 2000.000000
dhyb = 0.700000
gamma_x = 0.020000
gamma_y = 0.020000
gamma_z = 0.010000
num_k_pts = 200
tolerance = 0.100000
