psi = -0.00001413 + 0.00000000j
dx = 0.00000054 + -0.00000169j
dy = -0.00000002 + -0.00000055j
dz = -0.00000072 + -0.00000386j
Mc = 0.108939, 0.064170, 0.063069
Mf = 0.632275, 0.372086, 0.365196
mcx = 1.000000
mcy = 1.500000
mcz = 100.000000
mfx = 20.000000
mfy = 30.000000
mfz = 2000.000000
dhyb = 0.700000
gamma_x = 0.020000
gamma_y = 0.020000
gamma_z = 0.010000
num_k_pts = 200
tolerance = 0.100000
