psi = 0.00002815 + 0.00000000j
dx = -0.00000608 + 0.00000182j
dy = -0.00000027 + 0.00000035j
dz = 0.00000658 + 0.00000265j
Mc = 0.114958, 0.067671, 0.066431
Mf = 0.656738, 0.386477, 0.379311
mcx = 1.000000
mcy = 1.500000
mcz = 100.000000
mfx = 20.000000
mfy = 30.000000
mfz = 2000.000000
dhyb = 0.700000
gamma_x = 0.020000
gamma_y = 0.020000
gamma_z = 0.010000
num_k_pts = 200
tolerance = 0.100000
