psi = -0.00002882 + 0.00000000j
dx = 0.00000723 + 0.00000104j
dy = -0.00000010 + -0.00000045j
dz = -0.00000319 + 0.00001062j
Mc = 0.140006, 0.082326, 0.080934
Mf = 0.710415, 0.418023, 0.410256
mcx = 1.000000
mcy = 1.500000
mcz = 100.000000
mfx = 20.000000
mfy = 30.000000
mfz = 2000.000000
dhyb = 0.700000
gamma_x = 0.020000
gamma_y = 0.020000
gamma_z = 0.010000
num_k_pts = 200
tolerance = 0.100000
