psi = -0.00000486 + 0.00000000j
dx = 0.00000002 + -0.00000007j
dy = -0.00000001 + 0.00000004j
dz = -0.00000013 + -0.00000000j
Mc = 0.221186, 0.130241, 0.127843
Mf = 0.767617, 0.451658, 0.443266
mcx = 1.000000
mcy = 1.500000
mcz = 100.000000
mfx = 20.000000
mfy = 30.000000
mfz = 2000.000000
dhyb = 0.700000
gamma_x = 0.020000
gamma_y = 0.020000
gamma_z = 0.010000
num_k_pts = 200
tolerance = 0.100000
