psi = -0.02317783 + 0.00000000j
dx = 0.02947032 + 0.00032582j
dy = 0.00000111 + -0.00024709j
dz = -0.01699434 + -0.00058724j
Mc = 0.008208, 0.005210, 0.005126
Mf = 0.684054, 0.401882, 0.394772
mcx = 1.000000
mcy = 1.500000
mcz = 100.000000
mfx = 20.000000
mfy = 30.000000
mfz = 2000.000000
dhyb = 0.700000
gamma_x = 0.000000
gamma_y = 0.000000
gamma_z = 0.000000
num_k_pts = 200
tolerance = 0.100000
