psi = -0.00013145 + 0.00000000j
dx = 0.00006516 + -0.00000388j
dy = -0.00000008 + -0.00000104j
dz = -0.00003678 + 0.00001248j
Mc = 0.129492, 0.076417, 0.075078
Mf = 0.693366, 0.407945, 0.400328
mcx = 1.000000
mcy = 1.500000
mcz = 100.000000
mfx = 20.000000
mfy = 30.000000
mfz = 2000.000000
dhyb = 0.700000
gamma_x = 0.000000
gamma_y = 0.000000
gamma_z = 0.000000
num_k_pts = 200
tolerance = 0.100000
