psi = -0.00000128 + 0.00000000j
dx = -0.00000000 + -0.00000003j
dy = -0.00000001 + -0.00000001j
dz = -0.00000005 + -0.00000005j
Mc = 0.233557, 0.137617, 0.135025
Mf = 0.771663, 0.454033, 0.445597
mcx = 1.000000
mcy = 1.500000
mcz = 100.000000
mfx = 20.000000
mfy = 30.000000
mfz = 2000.000000
dhyb = 0.700000
gamma_x = 0.020000
gamma_y = 0.020000
gamma_z = 0.010000
num_k_pts = 200
tolerance = 0.100000
