psi = -0.00046779 + 0.00000000j
dx = 0.00028650 + -0.00003688j
dy = 0.00000498 + -0.00000574j
dz = -0.00022245 + -0.00008617j
Mc = 0.118210, 0.069696, 0.068531
Mf = 0.666254, 0.392047, 0.384793
mcx = 1.000000
mcy = 1.500000
mcz = 100.000000
mfx = 20.000000
mfy = 30.000000
mfz = 2000.000000
dhyb = 0.700000
gamma_x = 0.020000
gamma_y = 0.020000
gamma_z = 0.010000
num_k_pts = 200
tolerance = 0.100000
