psi = 0.00001842 + 0.00000000j
dx = 0.00000129 + -0.00000111j
dy = 0.00000002 + 0.00000005j
dz = -0.00000086 + -0.00000174j
Mc = 0.150937, 0.088772, 0.087131
Mf = 0.725189, 0.426659, 0.418682
mcx = 1.000000
mcy = 1.500000
mcz = 100.000000
mfx = 20.000000
mfy = 30.000000
mfz = 2000.000000
dhyb = 0.700000
gamma_x = 0.000000
gamma_y = 0.000000
gamma_z = 0.000000
num_k_pts = 200
tolerance = 0.100000
