psi = -0.00034047 + 0.00000000j
dx = 0.00022318 + 0.00000806j
dy = -0.00000116 + -0.00000301j
dz = -0.00014559 + 0.00006224j
Mc = 0.131768, 0.077678, 0.076278
Mf = 0.696864, 0.410030, 0.402414
mcx = 1.000000
mcy = 1.500000
mcz = 100.000000
mfx = 20.000000
mfy = 30.000000
mfz = 2000.000000
dhyb = 0.700000
gamma_x = 0.020000
gamma_y = 0.020000
gamma_z = 0.010000
num_k_pts = 200
tolerance = 0.100000
