psi = 0.00000088 + 0.00000000j
dx = -0.00000024 + -0.00000006j
dy = 0.00000001 + 0.00000000j
dz = -0.00000028 + -0.00000030j
Mc = 0.198496, 0.116664, 0.114624
Mf = 0.757741, 0.445866, 0.437585
mcx = 1.000000
mcy = 1.500000
mcz = 100.000000
mfx = 20.000000
mfy = 30.000000
mfz = 2000.000000
dhyb = 0.700000
gamma_x = 0.020000
gamma_y = 0.020000
gamma_z = 0.010000
num_k_pts = 200
tolerance = 0.100000
