psi = 0.00004243 + 0.00000000j
dx = 0.00000032 + 0.00000029j
dy = 0.00000009 + -0.00000032j
dz = -0.00000003 + 0.00000050j
Mc = 0.094394, 0.055569, 0.054545
Mf = 0.150876, 0.088822, 0.087198
mcx = 1.000000
mcy = 1.500000
mcz = 100.000000
mfx = 20.000000
mfy = 30.000000
mfz = 2000.000000
dhyb = 0.700000
gamma_x = 0.020000
gamma_y = 0.020000
gamma_z = 0.010000
num_k_pts = 200
tolerance = 0.100000
