psi = -0.00000983 + 0.00000000j
dx = 0.00000037 + 0.00000013j
dy = -0.00000001 + -0.00000019j
dz = -0.00000024 + 0.00000004j
Mc = 0.106746, 0.062925, 0.061683
Mf = 0.628649, 0.369864, 0.362950
mcx = 1.000000
mcy = 1.500000
mcz = 100.000000
mfx = 20.000000
mfy = 30.000000
mfz = 2000.000000
dhyb = 0.700000
gamma_x = 0.000000
gamma_y = 0.000000
gamma_z = 0.000000
num_k_pts = 200
tolerance = 0.100000
