psi = -0.00002495 + 0.00000000j
dx = -0.00000037 + 0.00000096j
dy = 0.00000000 + 0.00000006j
dz = 0.00000053 + 0.00000146j
Mc = 0.173995, 0.102424, 0.100525
Mf = 0.744744, 0.438163, 0.429969
mcx = 1.000000
mcy = 1.500000
mcz = 100.000000
mfx = 20.000000
mfy = 30.000000
mfz = 2000.000000
dhyb = 0.700000
gamma_x = 0.000000
gamma_y = 0.000000
gamma_z = 0.000000
num_k_pts = 200
tolerance = 0.100000
