psi = -0.02255591 + 0.00000000j
dx = 0.02833233 + -0.00016147j
dy = 0.00000018 + -0.00020310j
dz = -0.01632525 + 0.00162516j
Mc = 0.104962, 0.061916, 0.060732
Mf = 0.684231, 0.401480, 0.395020
mcx = 1.000000
mcy = 1.500000
mcz = 100.000000
mfx = 20.000000
mfy = 30.000000
mfz = 2000.000000
dhyb = 0.700000
gamma_x = 0.000000
gamma_y = 0.000000
gamma_z = 0.000000
num_k_pts = 200
tolerance = 0.100000
