psi = 0.00001258 + 0.00000000j
dx = -0.00000098 + -0.00000110j
dy = -0.00000116 + -0.00000120j
dz = -0.00000114 + -0.00000115j
Mc = 0.036781, 0.021768, 0.021347
Mf = 0.023768, 0.013992, 0.013737
mcx = 1.000000
mcy = 1.500000
mcz = 100.000000
mfx = 20.000000
mfy = 30.000000
mfz = 2000.000000
dhyb = 0.700000
gamma_x = 0.020000
gamma_y = 0.020000
gamma_z = 0.010000
num_k_pts = 200
tolerance = 0.100000
