psi = -0.00000580 + 0.00000000j
dx = -0.00000003 + -0.00000007j
dy = 0.00000002 + 0.00000008j
dz = -0.00000022 + 0.00000007j
Mc = 0.209296, 0.123022, 0.120961
Mf = 0.763392, 0.449141, 0.440745
mcx = 1.000000
mcy = 1.500000
mcz = 100.000000
mfx = 20.000000
mfy = 30.000000
mfz = 2000.000000
dhyb = 0.700000
gamma_x = 0.000000
gamma_y = 0.000000
gamma_z = 0.000000
num_k_pts = 200
tolerance = 0.100000
