psi = -0.00000877 + 0.00000000j
dx = -0.00000036 + -0.00000021j
dy = -0.00000009 + -0.00000057j
dz = 0.00000010 + -0.00000035j
Mc = 0.098248, 0.057805, 0.056711
Mf = 0.352668, 0.207522, 0.203647
mcx = 1.000000
mcy = 1.500000
mcz = 100.000000
mfx = 20.000000
mfy = 30.000000
mfz = 2000.000000
dhyb = 0.700000
gamma_x = 0.000000
gamma_y = 0.000000
gamma_z = 0.000000
num_k_pts = 200
tolerance = 0.100000
