psi = -0.00055804 + 0.00000000j
dx = 0.00036499 + -0.00004041j
dy = 0.00000575 + -0.00000658j
dz = -0.00027885 + -0.00010467j
Mc = 0.118079, 0.069573, 0.068422
Mf = 0.666899, 0.392409, 0.385160
mcx = 1.000000
mcy = 1.500000
mcz = 100.000000
mfx = 20.000000
mfy = 30.000000
mfz = 2000.000000
dhyb = 0.700000
gamma_x = 0.020000
gamma_y = 0.020000
gamma_z = 0.010000
num_k_pts = 200
tolerance = 0.100000
