psi = 0.00002937 + 0.00000000j
dx = 0.00000006 + 0.00000013j
dy = -0.00000004 + -0.00000032j
dz = -0.00000009 + 0.00000026j
Mc = 0.082272, 0.048272, 0.047341
Mf = 0.084584, 0.049750, 0.048819
mcx = 1.000000
mcy = 1.500000
mcz = 100.000000
mfx = 20.000000
mfy = 30.000000
mfz = 2000.000000
dhyb = 0.700000
gamma_x = 0.000000
gamma_y = 0.000000
gamma_z = 0.000000
num_k_pts = 200
tolerance = 0.100000
