psi = -0.00002901 + 0.00000000j
dx = -0.00000371 + -0.00000263j
dy = 0.00000002 + -0.00000072j
dz = 0.00000237 + -0.00000355j
Mc = 0.108660, 0.064017, 0.062793
Mf = 0.634329, 0.373208, 0.366231
mcx = 1.000000
mcy = 1.500000
mcz = 100.000000
mfx = 20.000000
mfy = 30.000000
mfz = 2000.000000
dhyb = 0.700000
gamma_x = 0.000000
gamma_y = 0.000000
gamma_z = 0.000000
num_k_pts = 200
tolerance = 0.100000
