psi = -0.00001582 + 0.00000000j
dx = 0.00000118 + 0.00000122j
dy = 0.00000119 + 0.00000121j
dz = 0.00000114 + 0.00000124j
Mc = 0.001039, 0.001021, 0.001021
Mf = 0.008296, 0.004881, 0.004790
mcx = 1.000000
mcy = 1.500000
mcz = 100.000000
mfx = 20.000000
mfy = 30.000000
mfz = 2000.000000
dhyb = 0.700000
gamma_x = 0.000000
gamma_y = 0.000000
gamma_z = 0.000000
num_k_pts = 200
tolerance = 0.100000
