psi = 0.00380434 + 0.00000000j
dx = -0.00000045 + 0.00000009j
dy = 0.00000041 + -0.00000072j
dz = 0.00000045 + 0.00000007j
Mc = 0.001018, 0.001005, 0.001003
Mf = 0.001045, 0.000835, 0.000602
mcx = 1.000000
mcy = 1.500000
mcz = 100.000000
mfx = 20.000000
mfy = 30.000000
mfz = 2000.000000
dhyb = 0.700000
gamma_x = 0.020000
gamma_y = 0.020000
gamma_z = 0.010000
num_k_pts = 200
tolerance = 0.100000
