psi = 0.00004704 + 0.00000000j
dx = -0.00001049 + -0.00000671j
dy = -0.00000003 + 0.00000036j
dz = 0.00001063 + -0.00000373j
Mc = 0.134915, 0.079435, 0.078068
Mf = 0.702586, 0.413424, 0.405757
mcx = 1.000000
mcy = 1.500000
mcz = 100.000000
mfx = 20.000000
mfy = 30.000000
mfz = 2000.000000
dhyb = 0.700000
gamma_x = 0.020000
gamma_y = 0.020000
gamma_z = 0.010000
num_k_pts = 200
tolerance = 0.100000
