psi = -0.00005487 + 0.00000000j
dx = 0.00000858 + -0.00000443j
dy = -0.00000004 + -0.00000017j
dz = -0.00000248 + 0.00000580j
Mc = 0.132109, 0.077801, 0.076340
Mf = 0.698217, 0.410803, 0.403130
mcx = 1.000000
mcy = 1.500000
mcz = 100.000000
mfx = 20.000000
mfy = 30.000000
mfz = 2000.000000
dhyb = 0.700000
gamma_x = 0.000000
gamma_y = 0.000000
gamma_z = 0.000000
num_k_pts = 200
tolerance = 0.100000
