psi = 0.00000681 + 0.00000000j
dx = 0.00000016 + 0.00000022j
dy = 0.00000021 + 0.00000014j
dz = 0.00000025 + 0.00000022j
Mc = 0.024977, 0.014765, 0.014459
Mf = 0.015784, 0.009292, 0.009122
mcx = 1.000000
mcy = 1.500000
mcz = 100.000000
mfx = 20.000000
mfy = 30.000000
mfz = 2000.000000
dhyb = 0.700000
gamma_x = 0.020000
gamma_y = 0.020000
gamma_z = 0.010000
num_k_pts = 200
tolerance = 0.100000
