psi = 0.00002318 + 0.00000000j
dx = -0.00000120 + -0.00000201j
dy = 0.00000001 + 0.00000020j
dz = 0.00000081 + -0.00000340j
Mc = 0.151487, 0.089062, 0.087485
Mf = 0.724319, 0.426195, 0.418284
mcx = 1.000000
mcy = 1.500000
mcz = 100.000000
mfx = 20.000000
mfy = 30.000000
mfz = 2000.000000
dhyb = 0.700000
gamma_x = 0.020000
gamma_y = 0.020000
gamma_z = 0.010000
num_k_pts = 200
tolerance = 0.100000
