psi = 0.00002508 + 0.00000000j
dx = -0.00000008 + 0.00000011j
dy = 0.00000009 + -0.00000031j
dz = 0.00000017 + 0.00000020j
Mc = 0.082320, 0.048683, 0.047833
Mf = 0.083842, 0.049341, 0.048441
mcx = 1.000000
mcy = 1.500000
mcz = 100.000000
mfx = 20.000000
mfy = 30.000000
mfz = 2000.000000
dhyb = 0.700000
gamma_x = 0.020000
gamma_y = 0.020000
gamma_z = 0.010000
num_k_pts = 200
tolerance = 0.100000
