psi = -0.00000062 + 0.00000000j
dx = -0.00000002 + -0.00000020j
dy = -0.00000000 + -0.00000004j
dz = -0.00000017 + -0.00000016j
Mc = 0.232963, 0.136700, 0.134047
Mf = 0.772095, 0.454242, 0.445750
mcx = 1.000000
mcy = 1.500000
mcz = 100.000000
mfx = 20.000000
mfy = 30.000000
mfz = 2000.000000
dhyb = 0.700000
gamma_x = 0.000000
gamma_y = 0.000000
gamma_z = 0.000000
num_k_pts = 200
tolerance = 0.100000
