psi = 0.00000562 + 0.00000000j
dx = -0.00000122 + -0.00000132j
dy = -0.00000128 + -0.00000127j
dz = -0.00000138 + -0.00000123j
Mc = 0.036603, 0.021522, 0.021148
Mf = 0.023615, 0.013894, 0.013634
mcx = 1.000000
mcy = 1.500000
mcz = 100.000000
mfx = 20.000000
mfy = 30.000000
mfz = 2000.000000
dhyb = 0.700000
gamma_x = 0.000000
gamma_y = 0.000000
gamma_z = 0.000000
num_k_pts = 200
tolerance = 0.100000
