psi = -0.00001874 + 0.00000000j
dx = -0.00000400 + 0.00000135j
dy = -0.00000004 + -0.00000008j
dz = 0.00000163 + 0.00000334j
Mc = 0.140185, 0.082532, 0.081024
Mf = 0.711435, 0.418583, 0.410761
mcx = 1.000000
mcy = 1.500000
mcz = 100.000000
mfx = 20.000000
mfy = 30.000000
mfz = 2000.000000
dhyb = 0.700000
gamma_x = 0.000000
gamma_y = 0.000000
gamma_z = 0.000000
num_k_pts = 200
tolerance = 0.100000
