psi = 0.00000853 + 0.00000000j
dx = -0.00000013 + -0.00000016j
dy = -0.00000014 + -0.00000016j
dz = -0.00000027 + -0.00000015j
Mc = 0.048547, 0.028571, 0.028037
Mf = 0.032387, 0.019066, 0.018720
mcx = 1.000000
mcy = 1.500000
mcz = 100.000000
mfx = 20.000000
mfy = 30.000000
mfz = 2000.000000
dhyb = 0.700000
gamma_x = 0.020000
gamma_y = 0.020000
gamma_z = 0.010000
num_k_pts = 200
tolerance = 0.100000
