psi = -0.00000149 + 0.00000000j
dx = 0.00000001 + -0.00000014j
dy = 0.00000003 + 0.00000005j
dz = -0.00000012 + -0.00000003j
Mc = 0.245176, 0.144186, 0.141274
Mf = 0.775676, 0.456346, 0.447812
mcx = 1.000000
mcy = 1.500000
mcz = 100.000000
mfx = 20.000000
mfy = 30.000000
mfz = 2000.000000
dhyb = 0.700000
gamma_x = 0.000000
gamma_y = 0.000000
gamma_z = 0.000000
num_k_pts = 200
tolerance = 0.100000
