psi = -0.00001997 + 0.00000000j
dx = 0.00000045 + -0.00000065j
dy = 0.00000022 + -0.00000059j
dz = -0.00000108 + -0.00000124j
Mc = 0.098803, 0.058186, 0.057105
Mf = 0.552812, 0.325315, 0.319305
mcx = 1.000000
mcy = 1.500000
mcz = 100.000000
mfx = 20.000000
mfy = 30.000000
mfz = 2000.000000
dhyb = 0.700000
gamma_x = 0.020000
gamma_y = 0.020000
gamma_z = 0.010000
num_k_pts = 200
tolerance = 0.100000
