psi = -0.00001064 + 0.00000000j
dx = -0.00000021 + -0.00000244j
dy = -0.00000005 + -0.00000055j
dz = -0.00000119 + -0.00000330j
Mc = 0.112331, 0.066102, 0.064987
Mf = 0.645323, 0.379783, 0.372740
mcx = 1.000000
mcy = 1.500000
mcz = 100.000000
mfx = 20.000000
mfy = 30.000000
mfz = 2000.000000
dhyb = 0.700000
gamma_x = 0.020000
gamma_y = 0.020000
gamma_z = 0.010000
num_k_pts = 200
tolerance = 0.100000
