psi = 0.00370817 + 0.00000000j
dx = -0.00000038 + -0.00000001j
dy = 0.00000006 + -0.00000073j
dz = 0.00000040 + -0.00000004j
Mc = 0.001018, 0.001002, 0.001001
Mf = 0.001041, 0.000822, 0.000599
mcx = 1.000000
mcy = 1.500000
mcz = 100.000000
mfx = 20.000000
mfy = 30.000000
mfz = 2000.000000
dhyb = 0.700000
gamma_x = 0.000000
gamma_y = 0.000000
gamma_z = 0.000000
num_k_pts = 200
tolerance = 0.100000
