psi = -0.00000109 + 0.00000000j
dx = -0.00000002 + -0.00000004j
dy = 0.00000002 + -0.00000006j
dz = -0.00000005 + -0.00000007j
Mc = 0.096623, 0.056813, 0.055895
Mf = 0.343517, 0.202174, 0.198451
mcx = 1.000000
mcy = 1.500000
mcz = 100.000000
mfx = 20.000000
mfy = 30.000000
mfz = 2000.000000
dhyb = 0.700000
gamma_x = 0.020000
gamma_y = 0.020000
gamma_z = 0.010000
num_k_pts = 200
tolerance = 0.100000
