psi = 0.00000374 + 0.00000000j
dx = 0.00000067 + 0.00000071j
dy = 0.00000072 + 0.00000073j
dz = 0.00000077 + 0.00000070j
Mc = 0.025159, 0.014863, 0.014522
Mf = 0.015688, 0.009231, 0.009059
mcx = 1.000000
mcy = 1.500000
mcz = 100.000000
mfx = 20.000000
mfy = 30.000000
mfz = 2000.000000
dhyb = 0.700000
gamma_x = 0.000000
gamma_y = 0.000000
gamma_z = 0.000000
num_k_pts = 200
tolerance = 0.100000
