psi = -0.00002806 + 0.00000000j
dx = -0.00000123 + -0.00000230j
dy = 0.00000002 + -0.00000066j
dz = 0.00000084 + -0.00000297j
Mc = 0.111945, 0.065909, 0.064631
Mf = 0.647738, 0.381105, 0.373979
mcx = 1.000000
mcy = 1.500000
mcz = 100.000000
mfx = 20.000000
mfy = 30.000000
mfz = 2000.000000
dhyb = 0.700000
gamma_x = 0.000000
gamma_y = 0.000000
gamma_z = 0.000000
num_k_pts = 200
tolerance = 0.100000
