psi = -0.00000761 + 0.00000000j
dx = -0.00000015 + -0.00000005j
dy = 0.00000001 + -0.00000010j
dz = 0.00000008 + -0.00000020j
Mc = 0.098322, 0.057722, 0.056635
Mf = 0.557215, 0.327825, 0.321696
mcx = 1.000000
mcy = 1.500000
mcz = 100.000000
mfx = 20.000000
mfy = 30.000000
mfz = 2000.000000
dhyb = 0.700000
gamma_x = 0.000000
gamma_y = 0.000000
gamma_z = 0.000000
num_k_pts = 200
tolerance = 0.100000
