psi = 0.00001276 + 0.00000000j
dx = -0.00000017 + -0.00000026j
dy = 0.00000012 + -0.00000003j
dz = -0.00000018 + -0.00000066j
Mc = 0.198357, 0.116839, 0.114678
Mf = 0.758289, 0.446139, 0.437801
mcx = 1.000000
mcy = 1.500000
mcz = 100.000000
mfx = 20.000000
mfy = 30.000000
mfz = 2000.000000
dhyb = 0.700000
gamma_x = 0.000000
gamma_y = 0.000000
gamma_z = 0.000000
num_k_pts = 200
tolerance = 0.100000
