psi = 0.00001334 + 0.00000000j
dx = 0.00000026 + -0.00000099j
dy = -0.00000006 + 0.00000000j
dz = -0.00000045 + -0.00000153j
Mc = 0.162814, 0.095616, 0.094017
Mf = 0.736023, 0.433010, 0.424914
mcx = 1.000000
mcy = 1.500000
mcz = 100.000000
mfx = 20.000000
mfy = 30.000000
mfz = 2000.000000
dhyb = 0.700000
gamma_x = 0.000000
gamma_y = 0.000000
gamma_z = 0.000000
num_k_pts = 200
tolerance = 0.100000
