psi = -0.00000233 + 0.00000000j
dx = -0.00000005 + -0.00000008j
dy = -0.00000001 + 0.00000003j
dz = -0.00000010 + -0.00000005j
Mc = 0.244560, 0.144017, 0.141320
Mf = 0.775265, 0.456154, 0.447673
mcx = 1.000000
mcy = 1.500000
mcz = 100.000000
mfx = 20.000000
mfy = 30.000000
mfz = 2000.000000
dhyb = 0.700000
gamma_x = 0.020000
gamma_y = 0.020000
gamma_z = 0.010000
num_k_pts = 200
tolerance = 0.100000
