psi = -0.00000542 + 0.00000000j
dx = -0.00000009 + 0.00000029j
dy = -0.00000003 + 0.00000012j
dz = 0.00000016 + 0.00000053j
Mc = 0.188439, 0.110812, 0.108705
Mf = 0.752061, 0.442474, 0.434204
mcx = 1.000000
mcy = 1.500000
mcz = 100.000000
mfx = 20.000000
mfy = 30.000000
mfz = 2000.000000
dhyb = 0.700000
gamma_x = 0.000000
gamma_y = 0.000000
gamma_z = 0.000000
num_k_pts = 200
tolerance = 0.100000
