psi = 0.00005705 + 0.00000000j
dx = -0.00001882 + 0.00000965j
dy = 0.00000002 + 0.00000100j
dz = 0.00001367 + 0.00000120j
Mc = 0.117432, 0.069059, 0.067646
Mf = 0.668693, 0.393416, 0.386061
mcx = 1.000000
mcy = 1.500000
mcz = 100.000000
mfx = 20.000000
mfy = 30.000000
mfz = 2000.000000
dhyb = 0.700000
gamma_x = 0.000000
gamma_y = 0.000000
gamma_z = 0.000000
num_k_pts = 200
tolerance = 0.100000
