psi = -0.00000375 + 0.00000000j
dx = -0.00000009 + -0.00000003j
dy = -0.00000001 + 0.00000002j
dz = -0.00000010 + -0.00000007j
Mc = 0.256765, 0.151136, 0.148295
Mf = 0.778493, 0.458047, 0.449531
mcx = 1.000000
mcy = 1.500000
mcz = 100.000000
mfx = 20.000000
mfy = 30.000000
mfz = 2000.000000
dhyb = 0.700000
gamma_x = 0.020000
gamma_y = 0.020000
gamma_z = 0.010000
num_k_pts = 200
tolerance = 0.100000
