psi = -0.00000167 + 0.00000000j
dx = -0.00000019 + -0.00000000j
dy = -0.00000001 + 0.00000001j
dz = -0.00000018 + -0.00000029j
Mc = 0.209283, 0.123166, 0.121002
Mf = 0.762879, 0.448887, 0.440553
mcx = 1.000000
mcy = 1.500000
mcz = 100.000000
mfx = 20.000000
mfy = 30.000000
mfz = 2000.000000
dhyb = 0.700000
gamma_x = 0.020000
gamma_y = 0.020000
gamma_z = 0.010000
num_k_pts = 200
tolerance = 0.100000
