psi = 0.00003196 + 0.00000000j
dx = 0.00000045 + 0.00000023j
dy = 0.00000002 + -0.00000022j
dz = -0.00000056 + 0.00000035j
Mc = 0.093230, 0.055032, 0.053882
Mf = 0.153702, 0.090424, 0.088732
mcx = 1.000000
mcy = 1.500000
mcz = 100.000000
mfx = 20.000000
mfy = 30.000000
mfz = 2000.000000
dhyb = 0.700000
gamma_x = 0.000000
gamma_y = 0.000000
gamma_z = 0.000000
num_k_pts = 200
tolerance = 0.100000
