psi = 0.01234096 + 0.00000000j
dx = 0.00000589 + 0.00000593j
dy = 0.00000603 + 0.00000593j
dz = 0.00000587 + 0.00000593j
Mc = 0.000991, 0.000991, 0.000991
Mf = 0.000006, -0.000002, 0.000006
mcx = 1.000000
mcy = 1.500000
mcz = 100.000000
mfx = 20.000000
mfy = 30.000000
mfz = 2000.000000
dhyb = 0.700000
gamma_x = 0.020000
gamma_y = 0.020000
gamma_z = 0.010000
num_k_pts = 200
tolerance = 0.100000
