psi = -0.00261665 + 0.00000000j
dx = 0.00228543 + 0.00016367j
dy = 0.00000097 + -0.00002610j
dz = -0.00156445 + 0.00023719j
Mc = 0.128637, 0.075726, 0.074435
Mf = 0.691952, 0.407178, 0.399663
mcx = 1.000000
mcy = 1.500000
mcz = 100.000000
mfx = 20.000000
mfy = 30.000000
mfz = 2000.000000
dhyb = 0.700000
gamma_x = 0.020000
gamma_y = 0.020000
gamma_z = 0.010000
num_k_pts = 200
tolerance = 0.100000
